1280.15865
1280.15866
1280.15867
1280.15868
1280.15869
1280.15870
1280.15871
1280.15872
1280.15873
1280.15874
1280.15875
1280.15876
1280.15877
1280.15878
1280.15880
1280.15881
1280.15882
1280.15883
1280.15884
1280.15885
1280.15886
1280.15887
1280.15888
1280.15889
1280.15890
1280.15891
1280.15892
1280.15893
1280.15894
1280.15895
1280.15896
1280.15897
1280.15898
1280.15899
1280.15900
1280.15901
1280.15902
1280.15903
1280.15904
1280.15905
1280.15906
1280.15907
1280.15908
1280.15909
1280.15910
1280.15911
1280.15912
1280.15913
1280.15914
1280.15915
1280.15916
1280.15917
1280.15918
1280.15919
1280.15920
1280.15921
1280.15922
1280.15923
1280.15924
1280.15925
1280.15926
1280.15927
1280.15928
1280.15929
1280.15930
1280.15931
1280.15938
1280.15939
1280.16051
1280.16052
1280.16061
1280.16384
1280.16385
1280.16386
1280.16387
1280.16436
1280.16548
1280.16549
1280.16550
1280.16551
1280.16552
1280.16553
1280.16554
1280.16555
1280.16556
1280.16557
1280.16558
1280.16566
1280.16567
1280.16568
1280.16569
1280.16570
1280.16759
1280.16760
1280.16761
1280.16762
1280.16763
1280.16768
1280.16771
1280.16772
1280.16773
1280.16774
1280.16775
1280.16776
1280.16805
1280.16836
1280.16838
1280.16839
1280.16840
1280.16841
1280.16858
1280.16859
1280.16860
1280.16861
1280.16862
1280.16863
1280.16864
1280.16865
1280.17656
1280.17671
1280.19784
1280.19785
1280.19786
1280.21073
1280.21074
1280.21075
1280.25972
1280.25973
1280.25974
1280.25975
1280.25976
1280.25977
1280.25978
1280.25979
1280.25980
1280.25981
1280.25982
1280.25983
1280.25984
1280.25985
1280.25986
1280.25987
1280.25988
1280.25989
1280.25990
1280.25991
1280.25992
1280.25993
1280.25994
1280.25995
1280.25996
1280.25997
1280.25998
1280.25999
1280.26000
1280.26001
1280.26002
1280.26003
1280.26004
1280.26005
1280.26006
1280.26007
1280.26008
1280.26009
1280.26010
1280.26011
1280.26012
1280.26013
1280.26014
1280.26015
1280.26016
1280.26017
1280.26018
1280.26019
1280.26020
1280.26021
1280.26022
1280.26023
1280.26024
1280.26025
1280.26026
1280.26027
1280.26028
1280.26029
1280.26030
1280.26031
1280.26032
1280.26033
1280.26034
1280.26035
1280.26036
1280.26037
1280.26038
1280.26039
1280.26040
1280.26041
1280.26042
1280.26043
1280.26044
1280.26045
1280.26046
1280.26047
1280.26048
1280.26049
1280.26050
1280.26051
1280.26052
1280.26053
1280.26054
1280.26055
1280.26056
1280.26057
1280.26058
1280.26059
1280.26060
1280.26061
1280.26062
1280.26063
1280.26064
1280.26065
1280.26066
1280.26067
1280.26068
1280.26069
1280.26070
1280.26074
1280.26075
1280.26076
1280.26077
1280.26078
1280.26079
1280.26080
1280.26081
1280.26082
1280.26083
1280.26084
1280.26085
1280.26086
1280.26087
1280.26088
1280.26089
1280.26090
1280.26091
1280.26092
1280.26093
1280.26094
1280.26095
1280.26096
1280.26097
1280.26098
1280.26099
1280.26100
1280.26101
1280.26102
1280.26103
1280.26104
1280.26105
1280.26106
1280.26107
1280.26108
1280.26109
1280.26110
1280.26111
1280.26112
1280.26113
1280.26114
1280.26115
1280.26116
1280.26117
1280.26118
1280.29683
1280.29684
1280.29685
1280.29686
1280.29687
1280.29688
1280.29689
1280.29690
1280.29691
1280.29692
1280.29693
1280.29694
1280.29695
1280.29696
1280.29697
1280.29698
1280.29699
1280.29700
1280.29701
1280.29702
1280.29703
1280.29704
1280.29705
1280.29706
1280.29707
1280.29708
1280.29709
1280.29710
1280.29711
1280.29712
1280.29713
1280.29714
1280.29715
1280.29716
1280.29717
1280.29718
1280.29719
1280.29720
1280.29721
1280.29722
1280.29723
1280.29724
1280.29725
1280.29726
1280.29727
1280.29728
1280.29729
1280.29730
1280.29731
1280.29732
1280.29733
1280.29734
1280.29735
1280.29736
1280.29737
1280.29738
1280.29739
1280.29740
1280.29741
1280.29742
1280.29743
1280.29744
1280.29745
1280.29746
1280.29747
1280.29748
1280.29749
1280.29750
1280.29751
1280.29752
1280.29753
1280.29754
1280.29755
1280.29756
1280.29757
1280.29758
1280.29759
1280.29760
1280.29761
1280.29762
1280.29763
1280.29764
1280.29765
1280.29766
1280.29767
1280.29768
1280.29769
1280.29770
1280.29771
1280.29772
1280.29773
1280.29774
1280.29775
1280.29776
1280.29777
1280.29778
1280.29779
1280.29780
1280.29781
1280.29782
1280.29783
1280.29784
1280.29785
1280.29786
1280.29787
1280.29788
1280.29789
1280.29790
1280.29791
1280.29792
1280.29793
1280.29794
1280.29795
1280.29796
1280.29797
1280.29798
1280.29799
1280.29800
1280.29801
1280.29802
1280.29803
1280.29804
1280.29805
1280.29806
1280.29807
1280.29808
1280.29809
1280.29810
1280.29811
1280.29812
1280.29813
1280.29814
1280.29815
1280.29816
1280.29817
1280.29818
1280.29819
1280.29820
1280.29821
1280.29822
1280.29823
1280.29824
1280.29825
1280.29826
1280.29827
1280.29828
1280.29829
1280.29830
1280.29831
1280.29832
1280.29833
1280.29834
1280.29835
1280.29836
1280.29837
1280.29842
1280.29843
1280.29844
1280.29845
1280.29846
1280.29847
1280.29848
1280.29849
1280.29850
1280.29851
1280.29852
1280.29853
1280.29854
1280.29855
1280.29856
1280.29857
1280.29858
1280.29859
1280.29860
1280.29861
1280.29862
1280.29863
1280.29864
1280.29865
1280.29866
1280.29867
1280.29868
1280.29869
1280.29870
1280.29871
1280.29872
1280.29873
1280.29874
1280.29875
1280.29876
1280.29877
1280.29878
1280.29879
1280.29880
1280.29881
1280.29882
1280.29883
1280.29884
1280.29885
1280.29886
1280.29887
1280.29888
1280.29889
1280.29890
1280.29891
1280.29892
1280.29893
1280.29894
1280.29895
1280.29896
1280.29897
1280.29898
1280.29899
1280.29900
1280.29901
1280.29902
1280.29903
1280.29904
1280.29905
1280.29906
1280.29907
1280.29908
1280.29909
1280.29910
1280.29911
1280.29912
1280.29913
1280.29914
1280.29915
1280.29916
1280.29917
1280.29918
1280.29919
1280.29920
1280.29921
1280.29922
1280.29923
1280.29924
1280.29925
1280.29926
1280.29927
1280.29928
1280.29929
1280.29930
1280.29931
1280.29932
1280.29933
1280.29934
1280.29935
1280.29936
1280.29937
1280.29938
1280.29939
1280.29940
1280.29941
1280.29942
1280.29943
1280.29944
1280.29945
1280.29946
1280.29947
1280.29948
1280.29949
1280.29950
1280.29951
1280.29952
1280.29953
1280.29954
1280.29955
1280.29956
1280.29957
1280.29958
1280.29959
1280.29960
1280.29961
1280.29962
1280.29963
1280.29964
1280.29965
1280.29966
1280.29967
1280.29968
1280.29969
1280.29970
1280.29971
1280.29972
1280.29973
1280.29974
1280.29975
1280.29976
1280.29977
1280.29978
1280.29979
1280.29980
1280.29981
1280.29982
1280.29983
1280.29984
1280.29985
1280.29986
1280.29987
1280.29988
1280.29989
1280.29990
1280.29991
1280.29992
1280.29993
1280.29994
1280.29995
1280.29996
1280.29997
1280.29998
1280.29999
1280.30000
1280.30001
1280.30002
1280.30003
1280.30004
1280.30005
1280.30006
1280.30007
1280.30008
1280.30009
1280.30010
1280.30011
1280.30012
1280.30013
1280.30014
1280.30015
1280.30016
1280.30017
1280.30018
1280.30019
1280.30020
1280.30021
1280.30022
1280.30023
1280.30024
1280.30025
1280.30026
1280.30027
1280.30028
1280.30029
1280.30030
1280.30031
1280.30032
1280.30033
1280.30034
1280.30035
1280.30036
1280.30037
1280.30038
1280.30039
1280.30040
1280.30041
1280.30042
1280.30043
1280.30044
1280.30045
1280.30046
1280.30047
1280.30048
1280.30049
1280.30050
1280.30051
1280.30052
1280.30053
1280.30054
1280.30055
1280.30056
1280.30057
1280.30058
1280.30059
1280.30060
1280.30061
1280.30062
1280.30063
1280.30064
1280.30065
1280.30066
1280.30067
1280.30068
1280.30069
1280.30070
1280.30071
1280.30072
1280.30074
1280.30075
1280.30076
1280.30077
1280.30078
1280.30079
1280.30081
1280.30082
1280.30083
1280.30084
1280.30085
1280.30086
1280.30087
1280.30088
1280.30089
1280.30090
1280.30091
1280.30092
1280.30093
1280.30094
1280.30095
1280.30096
1280.30097
1280.30098
1280.30099
1280.30100
1280.30101
1280.30102
1280.30103
1280.30104
1280.30105
1280.30106
1280.30107
1280.30108
1280.30109
1280.30110
1280.30111
1280.30112
1280.30113
1280.30114
1280.30115
1280.30116
1280.30117
1280.30118
1280.30119
1280.30120
1280.30121
1280.30122
1280.30123
1280.30124
1280.30125
1280.30126
1280.30127
1280.30128
1280.30129
1280.30130
1280.30131
1280.30132
1280.30133
1280.30134
1280.30135
1280.30136
1280.30137
1280.30138
1280.30139
1280.30140
1280.30141
1280.30142
1280.30143
1280.30144
1280.30145
1280.30146
1280.30147
1280.30148
1280.30149
1280.30150
1280.30151
1280.30152
1280.30153
1280.30154
1280.30155
1280.30156
1280.30157
1280.30158
1280.30159
1280.30160
1280.30161
1280.30162
1280.30163
1280.30164
1280.30165
1280.30166
1280.30167
1280.30168
1280.30169
1280.30170
1280.30171
1280.30172
1280.30173
1280.30174
1280.30175
1280.30176
1280.30177
1280.30178
1280.30179
1280.30180
1280.30181
1280.30182
1280.30183
1280.30184
1280.30185
1280.30186
1280.30187
1280.30188
1280.30189
1280.30190
1280.30191
1280.30192
1280.30193
1280.30194
1280.30195
1280.30196
1280.30197
1280.30198
1280.30199
1280.30200
1280.30201
1280.30202
1280.30203
1280.30204
1280.30205
1280.30206
1280.30207
1280.30208
1280.30209
1280.30210
1280.30211
1280.30212
1280.30213
1280.30214
1280.30215
1280.30216
1280.30217
1280.30218
1280.30219
1280.30220
1280.30221
1280.30222
1280.30223
1280.30224
1280.30225
1280.30226
1280.30227
1280.30228
1280.30229
1280.30230
1280.30231
1280.30232
1280.30233
1280.30234
1280.30235
1280.30236
1280.30237
1280.30238
1280.30239
1280.30240
1280.30241
1280.30242
1280.30243
1280.30244
1280.30245
1280.30246
1280.30247
1280.30248
1280.30249
1280.30250
1280.30251
1280.30252
1280.30253
1280.30254
1280.30255
1280.30256
1280.30257
1280.30258
1280.30259
1280.30260
1280.30261
1280.30262
1280.30263
1280.30264
1280.30265
1280.30266
1280.30267
1280.30268
1280.30269
1280.30270
1280.30271
1280.30272
1280.30273
1280.30274
1280.30275
1280.30276
1280.30277
1280.30278
1280.30279
1280.30280
1280.30281
1280.30282
1280.30283
1280.30284
1280.30285
1280.30286
1280.30287
1280.30288
1280.30289
1280.30290
1280.30291
1280.30292
1280.30293
1280.30294
1280.30295
1280.30296
1280.30297
1280.30298
1280.30299
1280.30300
1280.30301
1280.30302
1280.30303
1280.30304
1280.30305
1280.30306
1280.30307
1280.30308
1280.30309
1280.30310
1280.30311
1280.30312
1280.30313
1280.30314
1280.30315
1280.30316
1280.30317
1280.30318
1280.30319
1280.30320
1280.30321
1280.30322
1280.30323
1280.30324
1280.30325
1280.30326
1280.30327
1280.30328
1280.30329
1280.30330
1280.30331
1280.30332
1280.30333
1280.30334
1280.30335
1280.30336
1280.30337
1280.30338
1280.30339
1280.30340
1280.30341
1280.30342
1280.30343
1280.30344
1280.30345
1280.30346
1280.30347
1280.30348
1280.30349
1280.30350
1280.30351
1280.30352
1280.30353
1280.30354
1280.30355
1280.30356
1280.30357
1280.30358
1280.30359
1280.30360
1280.30361
1280.30362
1280.30363
1280.30364
1280.30365
1280.30366
1280.30367
1280.30368
1280.30369
1280.30370
1280.30371
1280.30372
1280.30373
1280.30374
1280.30375
1280.30376
1280.30377
1280.30378
1280.30379
1280.30380
1280.30381
1280.30382
1280.30383
1280.30384
1280.30385
1280.30386
1280.30387
1280.30388
1280.30389
1280.30390
1280.30391
1280.30392
1280.30393
1280.30394
1280.30395
1280.30396
1280.30397
1280.30398
1280.30399
1280.30400
1280.30401
1280.30402
1280.30403
1280.30404
1280.30405
1280.30406
1280.30407
1280.30408
1280.30409
1280.30410
1280.30411
1280.30412
1280.30413
1280.30414
1280.30415
1280.30416
1280.30417
1280.30418
1280.30419
1280.30420
1280.30421
1280.30422
1280.30423
1280.30424
1280.30425
1280.30426
1280.30427
1280.30428
1280.30429
1280.30430
1280.30431
1280.30432
1280.30433
1280.30434
1280.30435
1280.30436
1280.30437
1280.30438
1280.30439
1280.30440
1280.30441
1280.30442
1280.30443
1280.30444
1280.30445
1280.30446
1280.30447
1280.30448
1280.30449
1280.30450
1280.30451
1280.30452
1280.30453
1280.30454
1280.30455
1280.30456
1280.30457
1280.30476
1280.30477
1280.30479
1280.30480
1280.39484
1280.39485
1280.39487
1280.39489
1280.39490
1280.39492
1280.39493
1280.39494
1280.39495
1280.39496
1280.39497
1280.39498
1280.39499
1280.39500
1280.39501
1280.39502
1280.39504
1280.39505
1280.39507
1280.39508
1280.39509
1280.39511
1280.39512
1280.39514
1280.39515
1280.39516
1280.39522
1280.39523
1280.39524
1280.39525
1280.39526
1280.39527
1280.39528
1280.39529
1280.39530
1280.39531
1280.39533
1280.39534
1280.39535
1280.39536
1280.39537
1280.39538
1280.39539
1280.39540
1280.39541
1280.39542
1280.39543
1280.39544
1280.39547
1280.39548
1280.39549
1280.39550
1280.39551
1280.39552
1280.39553
1280.39554
1280.39555
1280.39556
1280.39557
1280.39558
1280.39559
1280.39560
1280.39561
1280.39562
1280.39563
1280.39564
1280.39565
1280.39566
1280.39567
1280.39569
1280.39570
1280.39571
1280.39572
1280.39573
1280.39574
1280.39575
1280.39576
1280.39577
1280.39578
1280.39579
1280.39580
1280.39581
1280.39582
1280.39583
1280.39584
1280.39585
1280.39587
1280.39588
1280.39589
1280.39590
1280.39591
1280.39592
1280.39593
1280.39594
1280.39595
1280.39596
1280.39598
1280.39599
1280.39600
1280.39601
1280.39602
1280.39603
1280.39604
1280.39605
1280.39606
1280.39608
1280.39609
1280.39610
1280.39611
1280.39613
1280.39614
1280.39615
1280.39616
1280.39617
1280.39618
1280.39619
1280.39620
1280.39621
1280.39622
1280.39624
1280.39625
1280.39626
1280.39627
1280.39628
1280.39629
1280.39630
1280.39631
1280.39632
1280.39633
1280.39634
1280.39635
1280.39636
1280.39637
1280.39638
1280.39639
1280.39640
1280.39641
1280.39642
1280.39643
1280.39644
1280.39645
1280.39646
1280.39647
1280.39648
1280.39649
1280.39650
1280.39651
1280.39653
1280.39654
1280.39655
1280.39656
1280.39657
1280.39658
1280.39659
1280.39660
1280.39661
1280.39662
1280.39663
1280.39664
1280.39665
1280.39666
1280.39667
1280.39668
1280.39669
1280.39670
1280.39679
1280.39680
1280.39682
1280.39683
1280.39684
1280.39685
1280.39687
1280.39688
1280.39689
1280.39690
1280.39692
1280.39693
1280.39694
1280.39695
1280.39696
1280.39697
1280.39698
1280.39700
1280.39701
1280.39702
1280.39703
1280.39704
1280.39705
1280.39706
1280.39707
1280.39708
1280.39709
1280.39710
1280.39711
1280.39713
1280.39714
1280.39715
1280.39716
1280.39717
1280.39718
1280.39719
1280.39720
1280.39721
1280.39722
1280.39723
1280.39724
1280.39725
1280.39726
1280.39727
1280.39728
1280.39729
1280.39730
1280.39731
1280.39732
1280.39733
1280.39734
1280.39735
1280.39736
1280.39737
1280.39738
1280.39739
1280.39740
1280.39741
1280.39742
1280.39744
1280.39746
1280.39747
1280.39748
1280.39749
1280.39750
1280.39751
1280.39752
1280.39753
1280.39754
1280.39755
1280.39756
1280.39758
1280.39759
1280.39760
1280.39761
1280.39762
1280.39763
1280.39764
1280.39765
1280.39766
1280.39767
1280.39768
1280.39769
1280.39770
1280.39771
1280.39772
1280.39773
1280.39774
1280.39775
1280.39776
1280.39777
1280.39778
1280.39779
1280.39780
1280.39781
1280.39782
1280.39783
1280.39784
1280.39785
1280.39786
1280.39787
1280.39788
1280.39789
1280.39790
1280.39791
1280.39792
1280.39793
1280.39794
1280.39796
1280.39797
1280.39800
1280.39801
1280.39802
1280.39803
1280.39804
1280.39805
1280.39807
1280.39808
1280.39809
1280.39810
1280.39811
1280.39812
1280.39813
1280.39814
1280.39815
1280.39816
1280.39817
1280.39818
1280.39819
1280.39820
1280.39821
1280.39822
1280.39823
1280.39824
1280.39825
1280.39826
1280.39827
1280.39829
1280.51739
1280.51740
1280.51741
1280.51742
1280.51743
1280.51744
1280.51745
1280.51746
1280.51747
1280.51748
1280.51749
1280.51750
1280.51751
1280.51752
1280.51753
1280.51754
1280.51761
1280.51763
1280.51764
1280.51766
1280.51767
1280.51768
1280.51769
1280.51770
1280.51771
1280.51772
1280.51773
1280.51774
1280.51775
1280.51776
1280.51777
1280.51778
1280.51779
1280.51780
1280.51784
1280.51785
1280.51786
1280.51787
1280.51788
1280.51789
1280.51790
1280.51791
1280.51792
1280.51793
1280.51794
1280.51795
1280.51796
1280.51797
1280.51798
1280.51799
1280.51800
1280.51801
1280.51803
1280.51804
1280.51805
1280.51806
1280.51807
1280.51808
1280.51809
1280.51810
1280.51812
1280.51813
1280.51814
1280.51815
1280.51816
1280.51817
1280.51818
1280.51819
1280.51820
1280.51821
1280.51823
1280.51824
1280.51825
1280.51826
1280.51828
1280.51829
1280.51830
1280.51831
1280.51832
1280.51833
1280.51834
1280.51835
1280.51836
1280.51837
1280.51838
1280.51839
1280.51840
1280.51841
1280.51842
1280.51843
1280.51844
1280.51845
1280.51846
1280.51847
1280.51848
1280.51849
1280.51850
1280.51852
1280.51853
1280.51855
1280.51856
1280.51857
1280.51858
1280.51859
1280.51860
1280.51861
1280.51862
1280.51863
1280.51864
1280.51865
1280.51866
1280.51867
1280.51868
1280.51869
1280.51870
1280.51871
1280.51872
1280.51874
1280.51875
1280.51876
1280.51879
1280.51880
1280.51881
1280.51882
1280.51883
1280.51884
1280.51885
1280.51886
1280.51887
1280.51888
1280.51889
1280.51890
1280.51891
1280.51893
1280.51895
1280.51896
1280.51897
1280.51898
1280.51899
1280.51900
1280.51901
1280.51902
1280.51903
1280.51904
1280.51905
1280.51906
1280.51907
1280.51908
1280.51909
1280.51910
1280.51911
1280.51912
1280.51913
1280.51914
1280.51915
1280.51916
1280.51917
1280.51918
1280.51919
1280.51920
1280.51921
1280.51922
1280.51923
1280.51924
1280.51925
1280.51926
1280.51927
1280.51928
1280.51929
1280.51930
1280.51931
1280.51932
1280.51933
1280.51934
1280.51935
1280.51936
1280.51937
1280.51938
1280.51939
1280.51940
1280.51941
1280.52134
1280.52135
1280.52136
1280.52137
1280.52138
1280.52139
1280.52140
1280.52141
1280.52142
1280.52143
1280.52144
1280.52145
1280.52146
1280.52147
1280.52148
1280.52149
1280.52150
1280.52151
1280.52152
1280.52153
1280.52154
1280.52155
1280.52156
1280.52157
1280.52158
1280.52159
1280.52160
1280.52161
1280.52162
1280.52163
1280.52164
1280.52165
1280.52166
1280.52167
1280.52168
1280.52169
1280.52170
1280.52171
1280.52172
1280.52173
1280.52174
1280.52175
1280.52176
1280.52177
1280.52178
1280.52179
1280.52180
1280.52181
1280.52182
1280.52183
1280.52184
1280.52185
1280.52186
1280.52187
1280.52188
1280.52189
1280.52190
1280.52191
1280.52192
1280.52193
1280.52194
1280.52195
1280.52196
1280.52197
1280.52198
1280.52199
1280.52200
1280.52201
1280.52202
1280.52203
1280.52204
1280.52205
1280.52206
1280.52207
1280.52208
1280.52209
1280.52210
1280.52211
1280.52212
1280.52213
1280.52214
1280.52215
1280.52216
1280.52217
1280.52218
1280.52219
1280.52220
1280.52221
1280.52222
1280.52223
1280.52224
1280.52225
1280.52226
1280.52227
1280.52228
1280.52229
1280.52230
1280.52231
1280.52232
1280.52233
1280.59245
1280.59246
1280.59247
1280.59248
1280.59249
1280.59250
1280.59251
1280.59252
1280.59253
1280.59254
1280.59255
1280.59256
1280.59257
1280.59258
1280.59259
1280.59260
1280.59261
1280.59262
1280.59263
1280.59264
1280.59265
1280.59266
1280.59267
1280.59268
1280.59269
1280.59270
1280.59271
1280.59272
1280.59273
1280.59274
1280.59275
1280.59276
1280.59277
1280.59278
1280.59279
1280.59280
1280.59281
1280.59282
1280.59283
1280.59284
1280.59285
1280.59286
1280.59287
1280.59288
1280.59289
1280.59290
1280.59291
1280.59292
1280.59293
1280.59294
1280.59295
1280.59296
1280.59297
1280.59298
1280.59299
1280.59300
1280.59301
1280.59302
1280.59303
1280.59304
1280.59305
1280.59306
1280.59307
1280.59308
1280.59309
1280.59310
1280.59311
1280.59312
1280.59313
1280.59314
1280.59315
1280.59316
1280.59317
1280.59318
1280.59319
1280.59320
1280.59321
1280.59322
1280.59323
1280.59324
1280.59325
1280.59326
1280.59327
1280.59328
1280.59329
1280.59330
1280.59331
1280.59332
1280.59333
1280.59334
1280.59335
1280.59336
1280.59337
1280.59338
1280.59339
1280.59340
1280.59341
1280.59342
1280.59343
1280.59344
1280.59345
1280.59346
1280.59347
1280.59348
1280.59349
1280.59350
1280.59351
1280.59352
1280.59353
1280.59354
1280.59355
1280.59356
1280.59357
1280.59358
1280.59359
1280.59360
1280.59361
1280.59362
1280.59363
1280.59364
1280.59365
1280.59366
1280.59367
1280.59368
1280.59369
1280.59370
1280.59371
1280.59372
1280.59373
1280.59374
1280.59375
1280.59376
1280.59377
1280.59378
1280.59379
1280.59380
1280.59381
1280.59382
1280.59383
1280.59384
1280.59385
1280.59386
1280.59387
1280.59388
1280.59389
1280.59390
1280.59391
1280.59392
1280.59393
1280.59394
1280.59395
1280.59396
1280.59397
1280.59398
1280.59399
1280.59400
1280.59401
1280.59402
1280.59403
1280.59404
1280.59405
1280.59406
1280.59407
1280.59408
1280.59409
1280.59410
1280.59411
1280.59412
1280.59413
1280.59414
1280.59415
1280.59416
1280.59417
1280.59418
1280.59419
1280.59420
1280.59421
1280.59422
1280.59423
1280.59424
1280.59425
1280.59426
1280.59427
1280.59428
1280.59429
1280.59430
1280.59431
1280.59432
1280.59433
1280.59434
1280.59435
1280.59436
1280.59437
1280.59438
1280.59439
1280.59440
1280.59441
1280.59442
1280.59443
1280.59444
1280.59445
1280.59446
1280.59447
1280.59448
1280.59449
1280.59450
1280.59451
1280.59452
1280.59453
1280.59454
1280.59455
1280.59456
1280.59457
1280.59458
1280.59459
1280.59460
1280.59461
1280.59462
1280.59463
1280.59464
1280.59465
1280.59466
1280.59467
1280.59468
1280.59469
1280.59470
1280.59471
1280.59472
1280.59473
1280.59474
1280.59475
1280.59476
1280.59477
1280.59478
1280.59479
1280.59480
1280.59481
1280.59482
1280.59483
1280.59484
1280.59485
1280.59486
1280.59487
1280.59488
1280.59489
1280.59490
1280.59491
1280.59492
1280.59493
1280.59494
1280.59495
1280.59496
1280.59497
1280.59498
1280.59499
1280.59500
1280.59501
1280.59502
1280.59503
1280.59504
1280.59505
1280.59506
1280.59507
1280.59508
1280.59509
1280.59510
1280.59511
1280.59512
1280.59513
1280.59514
1280.59515
1280.59516
1280.59517
1280.59518
1280.59519
1280.59520
1280.59521
1280.59522
1280.59523
1280.59524
1280.59525
1280.59526
1280.59527
1280.59528
1280.59529
1280.59530
1280.59531
1280.59532
1280.59533
1280.59534
1280.59535
1280.59536
1280.59537
1280.59538
1280.59539
1280.59540
1280.59541
1280.59542
1280.59543
1280.59544
1280.59545
1280.59546
1280.59547
1280.59548
1280.59549
1280.59550
1280.59551
1280.59553
1280.59554
1280.59555
1280.59556
1280.59557
1280.59558
1280.59559
1280.59560
1280.59561
1280.59562
1280.59563
1280.59564
1280.59565
1280.59566
1280.59567
1280.59568
1280.59569
1280.59570
1280.59571
1280.59572
1280.59573
1280.59574
1280.59575
1280.59576
1280.59577
1280.59578
1280.59579
1280.59580
1280.59581
1280.59582
1280.59583
1280.59584
1280.59585
1280.59586
1280.59587
1280.59588
1280.59589
1280.59590
1280.59591
1280.59592
1280.59593
1280.59594
1280.59595
1280.59596
1280.59597
1280.59598
1280.59599
1280.59600
1280.59601
1280.59602
1280.59603
1280.59604
1280.59605
1280.59606
1280.59607
1280.59608
1280.59609
1280.59610
1280.59611
1280.59612
1280.59613
1280.59614
1280.59615
1280.59616
1280.59617
1280.59618
1280.59619
1280.59620
1280.59621
1280.59622
1280.59623
1280.59624
1280.59625
1280.59626
1280.59627
1280.59628
1280.59629
1280.59630
1280.59631
1280.59632
1280.59633
1280.59634
1280.59635
1280.59636
1280.59637
1280.59638
1280.59639
1280.59640
1280.59641
1280.59642
1280.59643
1280.59644
1280.59645
1280.59646
1280.59647
1280.59648
1280.59649
1280.59650
1280.59651
1280.59652
1280.59653
1280.59654
1280.59655
1280.59656
1280.59657
1280.59658
1280.59659
1280.59660
1280.59661
1280.59662
1280.59663
1280.59664
1280.59665
1280.59666
1280.59667
1280.59668
1280.59669
1280.59670
1280.59671
1280.59672
1280.59673
1280.59674
1280.59675
1280.59676
1280.59677
1280.59678
1280.59679
1280.59680
1280.59681
1280.59682
1280.59683
1280.59684
1280.59685
1280.59686
1280.59687
1280.59688
1280.59689
1280.59690
1280.59691
1280.59692
1280.59693
1280.59694
1280.59695
1280.59696
1280.59697
1280.59698
1280.59699
1280.59700
1280.59701
1280.59702
1280.59703
1280.59704
1280.59705
1280.59706
1280.59707
1280.59708
1280.59709
1280.59710
1280.59711
1280.59712
1280.59713
1280.59714
1280.59715
1280.59716
1280.59717
1280.59718
1280.59719
1280.59720
1280.59721
1280.59722
1280.59723
1280.59724
1280.59725
1280.59726
1280.59727
1280.59728
1280.59729
1280.59730
1280.59731
1280.59732
1280.59733
1280.59734
1280.59735
1280.59736
1280.59737
1280.59738
1280.59739
1280.59740
1280.59741
1280.59742
1280.59743
1280.59744
1280.59745
1280.59746
1280.59747
1280.59748
1280.59749
1280.59750
1280.59751
1280.59752
1280.59753
1280.59754
1280.59755
1280.59756
1280.59757
1280.59758
1280.59759
1280.59760
1280.59761
1280.59762
1280.59763
1280.59764
1280.59765
1280.59766
1280.59767
1280.59768
1280.59769
1280.59770
1280.59771
1280.59772
1280.59773
1280.59774
1280.59775
1280.59776
1280.59777
1280.59778
1280.59779
1280.59780
1280.59781
1280.59782
1280.59783
1280.59784
1280.59785
1280.59786
1280.59787
1280.59788
1280.59789
1280.59790
1280.59791
1280.59792
1280.59793
1280.59794
1280.59795
1280.59796
1280.59797
1280.59798
1280.59799
1280.59800
1280.59801
1280.59802
1280.59803
1280.59804
1280.59805
1280.59806
1280.59807
1280.59808
1280.59809
1280.59810
1280.59811
1280.59812
1280.59813
1280.59814
1280.59815
1280.59816
1280.59817
1280.59818
1280.59819
1280.59820
1280.59821
1280.59822
1280.59823
1280.59824
1280.59825
1280.59826
1280.59827
1280.59828
1280.59829
1280.59830
1280.59831
1280.59832
1280.59833
1280.59834
1280.59835
1280.59836
1280.59837
1280.59838
1280.59839
1280.59840
1280.59841
1280.59842
1280.59843
1280.59844
1280.59845
1280.59846
1280.59847
1280.59848
1280.59849
1280.59850
1280.59851
1280.59852
1280.59853
1280.59854
1280.59855
1280.59856
1280.59857
1280.59858
1280.59859
1280.59860
1280.59861
1280.59862
1280.59863
1280.59864
1280.59865
1280.59866
1280.59867
1280.59868
1280.59869
1280.59870
1280.59871
1280.59872
1280.59873
1280.59874
1280.59875
1280.59876
1280.59877
1280.59878
1280.59879
1280.59880
1280.59881
1280.59882
1280.59883
1280.59884
1280.59885
1280.59886
1280.59887
1280.59888
1280.59889
1280.59890
1280.59891
1280.59892
1280.59893
1280.59894
1280.59895
1280.59896
1280.59897
1280.59898
1280.59899
1280.59900
1280.59901
1280.59902
1280.59903
1280.59904
1280.59905
1280.59906
1280.59907
1280.59908
1280.59909
1280.59910
1280.59911
1280.59912
1280.7334
1280.7337
1280.7343
1280.7349
1280.7352
1280.7354
1280.7355
1280.7356
1280.7357
1280.7359
1280.7360
1280.7361
1280.7362
1280.7363
1280.7372
1280.7373
1280.7374
1280.7375
1280.7376
1280.8840
1280.8844
1280.8845
1280.8848
1280.8849
1280.9188
1280.9189
1280.9190
1280.9191
1280.9192
1280.9193
1280.9194
1280.9195
1280.9196
1280.9197
1280.9198
1280.9199
1280.9200
1280.9201
1280.9202
1280.9203
1280.9204
1280.9205
1280.9206
1280.9207
1280.9208
1280.9209
1280.9210
1280.9211
1280.9212
1280.9213
1280.9214
1280.9215
1280.9216
1280.9217
1280.9218
1280.9219
1280.9220
1280.9221
1280.9222
1280.9223
1280.9224
1280.9225
1280.9226
1280.9227
1280.9228
1280.9229
1280.9230
1280.9231
1280.9232
1280.9233
1280.9234
1280.9235
1280.9236
1280.9237
1280.9238
1280.9239
1280.9240
1280.9241
1280.9242
1280.9243
1280.9244
1280.9245
1280.9246
1280.9247
1280.9248
1280.9249
1280.9250
1280.9251
1280.9252
1280.9253
1280.9254
1280.9255
1280.9256
1280.9257
1280.9258
1280.9259
1280.9260
1280.9261
1280.9262
1280.9263
1280.9264
1280.9265
1280.9266
1280.9267
1280.9268
1280.9269
1280.9270
1280.9271
1280.9272
1280.9273
1280.9274
1280.9275
1280.9276
1280.9277
1280.9278
1280.9279
1280.9280
1280.9281
1280.9282
1280.9283
1280.9284
1280.9285
1280.9286
1280.9287
1280.9288
1280.9289
1280.9290
1280.9291
1280.9292
1280.9293
1280.9294
1280.9295
1280.9296
1280.9297
1280.9298
1280.9299
1280.9300
1280.9301
1280.9302
1280.9303
1280.9304
1280.9305
1280.9306
1280.9307
1280.9308
1280.9309
1280.9310
1280.9311
1280.9312
1280.9313
1280.9314
1280.9315
1280.9316
1280.9317
1280.9318
1280.9319
1280.9320
1280.9321
1280.9322
1280.9323
1280.9324
1280.9325
1280.9326
1280.9327
1280.9328
1280.9329
1280.9330
1280.9331
1280.9332
1280.9333
1280.9334
1280.9335
1280.9336
1280.9337
1280.9338
1280.9339
1280.9340
1280.9341
1280.9342
1280.9343
1280.9344
1280.9345
1280.9346
1280.9347
1280.9348
1280.9349
1280.9350
1280.9351
1280.9352
1280.9353
1280.9354
1280.9355
1280.9356
1280.9358
1280.9359
1280.9360
1280.9361
1280.9362
1280.9363
1280.9364
1280.9365
1280.9366
1280.9367
1280.9368
1280.9369
1280.9370
1280.9371
1280.9372
1280.9373
1280.9374
1280.9375
1280.9376
1280.9377
1280.9378
1280.9379
1280.9380
1280.9381
1280.9382
1280.9383
1280.9384
1280.9385
1280.9386
1280.9387
1280.9388
1280.9398
1280.9399
1280.9400
1280.9401
1280.9402
1280.9403
1280.9404
1280.9405
1280.9406
1280.9407
